0.000000000000000000e+00 1.683070059620035863e+01
9.775171065493646130e-03 5.914418822374038598e+00
1.955034213098729226e-02 1.052777999799480568e+01
2.932551319648094013e-02 2.059980106164618974e+01
3.910068426197458452e-02 1.757833697174511300e+01
4.887585532746822892e-02 -5.224185839584315261e+00
5.865102639296188025e-02 1.014248377421881386e+01
6.842619745845551771e-02 1.270964566592807543e+00
7.820136852394916904e-02 1.589238757343994113e+00
8.797653958944282038e-02 5.626944047838467355e+00
9.775171065493645783e-02 3.416588877902982269e+00
1.075268817204301092e-01 1.381636895872937387e+01
1.173020527859237605e-01 8.185217551089381871e+00
1.270772238514173980e-01 2.982763533002446454e+00
1.368523949169110354e-01 5.471312151004308788e+00
1.466275659824047006e-01 4.500271067061642150e+00
1.564027370478983381e-01 1.369417651643899880e+01
1.661779081133919755e-01 1.184191553597924162e-02
1.759530791788856408e-01 4.070732856036042513e+00
1.857282502443792782e-01 -5.351429964933791972e+00
1.955034213098729157e-01 -1.902491510611196901e+01
2.052785923753665809e-01 6.548523790859187343e+00
2.150537634408602183e-01 8.158844824178720145e+00
2.248289345063538558e-01 -4.766744113742762856e+00
2.346041055718475210e-01 1.925943959154636076e+01
2.443792766373411585e-01 -1.059898593688921231e+01
2.541544477028347959e-01 1.340305604023569463e+00
2.639296187683284334e-01 -5.811700877211112282e-01
2.737047898338220708e-01 1.312432723601377837e+01
2.834799608993157638e-01 1.256641733612035061e+01
2.932551319648094013e-01 2.004145705065979666e+00
3.030303030303030387e-01 3.746334894265990201e+00
3.128054740957966762e-01 -6.421465061895841764e+00
3.225806451612903136e-01 -1.520258912264610629e+01
3.323558162267839511e-01 -2.173526036568072861e+00
3.421309872922775885e-01 1.829426715596733644e+00
3.519061583577712815e-01 1.039254810067102319e+01
3.616813294232649190e-01 1.014342435609312609e+01
3.714565004887585564e-01 -2.597634728652058023e+00
3.812316715542521939e-01 -1.938554062321194760e+00
3.910068426197458313e-01 -7.927503475796848775e+00
4.007820136852394688e-01 -1.091612778166815545e+01
4.105571847507331618e-01 -1.322111873476479182e+01
4.203323558162267992e-01 1.602210301212079457e+01
4.301075268817204367e-01 -3.672721889237054782e+00
4.398826979472140741e-01 -3.109845316272562332e+00
4.496578690127077116e-01 -9.635772669698253523e+00
4.594330400782013490e-01 6.599882158616947159e+00
4.692082111436950420e-01 -1.253637534295925704e+01
4.789833822091886795e-01 -1.330826018661401156e+00
4.887585532746823169e-01 -6.794934629799545434e+00
4.985337243401759544e-01 3.463115036552801396e+00
5.083088954056695918e-01 -3.718060103777415470e+00
5.180840664711632293e-01 -9.074798118401647073e+00
5.278592375366568668e-01 1.480864461862711201e-01
5.376344086021505042e-01 3.804915366471560478e+00
5.474095796676441417e-01 9.165807146731345112e-01
5.571847507331377791e-01 2.811912834023849950e+00
5.669599217986315276e-01 -4.673175794656510895e+00
5.767350928641251651e-01 -2.489629439681624756e+00
5.865102639296188025e-01 -4.954771465655944951e+00
5.962854349951124400e-01 -2.437099452985352244e+00
6.060606060606060774e-01 -6.049530638998463772e+00
6.158357771260997149e-01 -1.333629874207979427e+01
6.256109481915933523e-01 1.913820591485206890e+00
6.353861192570869898e-01 -2.697132549280293112e+00
6.451612903225806273e-01 -1.249937899002209285e+01
6.549364613880742647e-01 4.272090143500086867e+00
6.647116324535679022e-01 -6.658251603061088097e+00
6.744868035190615396e-01 1.048831402535013169e+00
6.842619745845551771e-01 6.502107172575285254e+00
6.940371456500489256e-01 1.740491819599446988e+00
7.038123167155425630e-01 9.866355862228081364e+00
7.135874877810362005e-01 -9.081523090056755620e+00
7.233626588465298379e-01 4.065282237003351895e+00
7.331378299120234754e-01 -4.578831230355498327e+00
7.429130009775171128e-01 -6.009915188679436859e+00
7.526881720430107503e-01 -3.613764404465119817e+00
7.624633431085043878e-01 -1.411049472108486080e+00
7.722385141739980252e-01 1.598762280497234123e+00
7.820136852394916627e-01 -8.100047264837336058e+00
7.917888563049853001e-01 8.502972170004218455e+00
8.015640273704789376e-01 5.100154180351374578e+00
8.113391984359725750e-01 -1.083359706714743709e+01
8.211143695014663235e-01 1.344651319528140121e+01
8.308895405669599610e-01 1.679396064606479300e+01
8.406647116324535984e-01 1.114512573549681029e+01
8.504398826979472359e-01 3.646240370643949458e-01
8.602150537634408733e-01 -6.672449824169889965e+00
8.699902248289345108e-01 1.041839863676706202e+01
8.797653958944281483e-01 -1.154566361539886898e+00
8.895405669599217857e-01 1.193645619669207747e+01
8.993157380254154232e-01 3.906214536451687813e+00
9.090909090909090606e-01 1.013238473137124984e+01
9.188660801564026981e-01 5.244659582188597291e+00
9.286412512218963355e-01 8.115041108794194713e+00
9.384164222873900840e-01 2.608562501786598986e+00
9.481915933528837215e-01 1.686617608007132318e+01
9.579667644183773589e-01 3.640943231229890387e+00
9.677419354838709964e-01 5.879118992839813984e+00
9.775171065493646338e-01 1.775654446149724919e+01
9.872922776148582713e-01 -8.072437099873408073e+00
9.970674486803519088e-01 -7.446059547450812666e+00
1.006842619745845546e+00 1.047094475516454182e+01
1.016617790811339184e+00 -6.681469076276410846e+00
1.026392961876832821e+00 1.823021485663959496e+01
1.036168132942326459e+00 -6.596678665828208388e-01
1.045943304007820096e+00 -3.371535168473146271e+00
1.055718475073313734e+00 1.794183376350730086e+01
1.065493646138807371e+00 1.434468754491765452e+01
1.075268817204301008e+00 1.737618206257099018e+01
1.085043988269794646e+00 9.612939360415429846e+00
1.094819159335288283e+00 -4.601712501126568711e+00
1.104594330400781921e+00 1.748769741408758094e+01
1.114369501466275558e+00 -2.125028092676206626e-02
1.124144672531769196e+00 8.455467064874852667e+00
1.133919843597263055e+00 9.525206052279978408e+00
1.143695014662756693e+00 6.176676724722744982e-01
1.153470185728250330e+00 6.680914880287380342e+00
1.163245356793743968e+00 9.057159456227424243e+00
1.173020527859237605e+00 4.603477179397189367e+00
1.182795698924731242e+00 -7.288659253031770646e+00
1.192570869990224880e+00 3.809319470668439678e+00
1.202346041055718517e+00 1.195416622319823929e+01
1.212121212121212155e+00 -4.290673760562039973e+00
1.221896383186705792e+00 -5.038836562547777120e-03
1.231671554252199430e+00 -2.359459704533410918e+00
1.241446725317693067e+00 1.584929465603653753e+01
1.251221896383186705e+00 6.370710125511391375e+00
1.260997067448680342e+00 4.192982503424772744e+00
1.270772238514173980e+00 -5.281361003048100855e+00
1.280547409579667617e+00 5.140325444684955336e+00
1.290322580645161255e+00 -4.616368529051690039e+00
1.300097751710654892e+00 9.883840766447273829e-01
1.309872922776148529e+00 -4.394223623248785238e+00
1.319648093841642167e+00 6.066035803570033025e+00
1.329423264907135804e+00 5.232392309605250702e+00
1.339198435972629442e+00 -1.078707087463679937e+00
1.348973607038123079e+00 3.726522961969048975e+00
1.358748778103616717e+00 -8.212617102811874403e+00
1.368523949169110354e+00 -1.142230617709638096e+01
1.378299120234604214e+00 4.001102133773908776e+00
1.388074291300097851e+00 1.799772655676493693e+00
1.397849462365591489e+00 5.529130863594573064e+00
1.407624633431085126e+00 1.949849629120622652e+01
1.417399804496578763e+00 7.975492115435347529e+00
1.427174975562072401e+00 -6.894838497653162257e+00
1.436950146627566038e+00 9.333633655638712057e+00
1.446725317693059676e+00 -1.013838435203866517e+01
1.456500488758553313e+00 -3.310885576980741707e+00
1.466275659824046951e+00 -1.697326531214675693e-01
1.476050830889540588e+00 1.407880194956808317e+01
1.485826001955034226e+00 -5.588698325061313810e+00
1.495601173020527863e+00 -6.243488339633557871e+00
1.505376344086021501e+00 -4.195308157938602012e-01
1.515151515151515138e+00 -4.938277286027831003e+00
1.524926686217008776e+00 9.385497222182824117e+00
1.534701857282502413e+00 -8.262758670302529751e+00
1.544477028347996050e+00 -8.797317534820194851e+00
1.554252199413489688e+00 -3.112893050266814399e+00
1.564027370478983325e+00 -3.585806126499535118e+00
1.573802541544476963e+00 1.584511048125927957e+01
1.583577712609970600e+00 8.016309961951444407e+00
1.593352883675464238e+00 1.135216830131251076e+00
1.603128054740957875e+00 -9.352944445127919337e+00
1.612903225806451513e+00 7.223151383326101183e+00
1.622678396871945150e+00 -7.513676868156751176e+00
1.632453567937439010e+00 -1.184810946414974886e+01
1.642228739002932647e+00 1.003865905085506505e+01
1.652003910068426284e+00 3.096811208662686887e+00
1.661779081133919922e+00 7.957624723036499148e+00
1.671554252199413559e+00 3.172843421541564179e+00
1.681329423264907197e+00 7.512871189997818888e+00
1.691104594330400834e+00 -4.511687514136042410e+00
1.700879765395894472e+00 -7.535901156365119036e+00
1.710654936461388109e+00 6.235693974094171921e+00
1.720430107526881747e+00 -5.595945322332867455e+00
1.730205278592375384e+00 -4.633065637776351053e+00
1.739980449657869022e+00 -2.705234970880757928e+00
1.749755620723362659e+00 1.138298970769257235e+00
1.759530791788856297e+00 -1.770276187458711625e+00
1.769305962854349934e+00 -9.870979027163947706e+00
1.779081133919843571e+00 -3.949684368050921712e+00
1.788856304985337209e+00 -1.651378350994766464e+01
1.798631476050830846e+00 6.352828334103850949e+00
1.808406647116324484e+00 -1.138485371476236985e+01
1.818181818181818121e+00 -7.320067360756030261e+00
1.827956989247311759e+00 2.018059766930640819e+00
1.837732160312805396e+00 -4.228170788226633725e+00
1.847507331378299034e+00 1.412132360004225085e+01
1.857282502443792671e+00 -8.476148953052259571e+00
1.867057673509286309e+00 4.092510133250190307e+00
1.876832844574780168e+00 1.730338795026024501e+00
1.886608015640273806e+00 -7.213400908234179454e+00
1.896383186705767443e+00 6.401654923017624732e+00
1.906158357771261080e+00 9.235859467015012925e-01
1.915933528836754718e+00 8.546275836781838109e+00
1.925708699902248355e+00 9.030526270763084895e+00
1.935483870967741993e+00 1.981256419316385120e+01
1.945259042033235630e+00 1.325587059884795060e+01
1.955034213098729268e+00 -3.408344731432872976e-01
1.964809384164222905e+00 7.378703363545568994e-01
1.974584555229716543e+00 1.148119199042542959e+01
1.984359726295210180e+00 7.947308409074393509e+00
1.994134897360703818e+00 7.837489111521110274e+00
2.003910068426197455e+00 -1.021818669921438349e+01
2.013685239491691092e+00 2.513648409962085051e+00
2.023460410557184730e+00 -3.215284918332712127e+00
2.033235581622678367e+00 4.899261112287808473e+00
2.043010752688172005e+00 1.836189327170964392e+00
2.052785923753665642e+00 9.855536290555789947e+00
2.062561094819159280e+00 5.056419699287602043e+00
2.072336265884652917e+00 8.746490308205551401e+00
2.082111436950146555e+00 -1.344827270207345382e+00
2.091886608015640192e+00 -5.244022779760602049e+00
2.101661779081133830e+00 -1.048536505337208435e+00
2.111436950146627467e+00 2.012244156887218693e+00
2.121212121212121104e+00 5.095332767343815128e+00
2.130987292277614742e+00 2.004837287305251081e+01
2.140762463343108379e+00 1.546561247936586225e+00
2.150537634408602017e+00 -5.852481064110628850e+00
2.160312805474095654e+00 -1.061828858509278106e+00
2.170087976539589292e+00 -2.090640968014496615e+00
2.179863147605082929e+00 5.383825892619859665e+00
2.189638318670576567e+00 -1.087829903144253052e+01
2.199413489736070204e+00 1.872960789802968096e+00
2.209188660801563842e+00 2.540739821434679691e+00
2.218963831867057479e+00 3.071268296241015605e+00
2.228739002932551116e+00 -3.636061711095655014e+00
2.238514173998044754e+00 -8.286057069912018402e-01
2.248289345063538391e+00 -1.038168114793327490e+01
2.258064516129032473e+00 -2.995946950507418549e+00
2.267839687194526110e+00 -3.448718341079115568e+00
2.277614858260019748e+00 4.169840861661875842e+00
2.287390029325513385e+00 -8.457126385259142509e+00
2.297165200391007023e+00 6.996331647150225486e+00
2.306940371456500660e+00 1.266043521034179520e+01
2.316715542521994298e+00 -1.589424743888540981e+01
2.326490713587487935e+00 4.039893122028558992e+00
2.336265884652981573e+00 6.012244438762034626e+00
2.346041055718475210e+00 -4.532544620765951215e+00
2.355816226783968848e+00 -2.638587537343446421e+00
2.365591397849462485e+00 -5.483052603101578049e-01
2.375366568914956122e+00 -1.890059789190839057e+00
2.385141739980449760e+00 -2.000067609414516667e+00
2.394916911045943397e+00 -1.295411073230347299e+01
2.404692082111437035e+00 9.656453189178057173e+00
2.414467253176930672e+00 9.060520100003913058e+00
2.424242424242424310e+00 -6.095779812602394543e+00
2.434017595307917947e+00 -1.133099241166083360e+01
2.443792766373411585e+00 4.559817619743044226e+00
2.453567937438905222e+00 -4.222546285958957313e+00
2.463343108504398860e+00 1.513348771188654851e+00
2.473118279569892497e+00 -2.181475471372537278e+00
2.482893450635386134e+00 5.902318547765979417e+00
2.492668621700879772e+00 5.926263035618628550e+00
2.502443792766373409e+00 -5.436856217370856115e+00
2.512218963831867047e+00 -1.069794695025109377e+01
2.521994134897360684e+00 -1.229210378880199350e+01
2.531769305962854322e+00 5.258292277970465278e+00
2.541544477028347959e+00 -9.130318941214637718e+00
2.551319648093841597e+00 -3.667194394429172277e+00
2.561094819159335234e+00 -4.374861080896367937e+00
2.570869990224828872e+00 -1.497822955589450666e-02
2.580645161290322509e+00 -1.507310396717918977e+01
2.590420332355816146e+00 1.940684910834467924e+00
2.600195503421309784e+00 4.636745672937368390e+00
2.609970674486803421e+00 1.170097843682434302e+00
2.619745845552297059e+00 -2.005209706967592709e+00
2.629521016617790696e+00 1.282416280362620231e+00
2.639296187683284334e+00 3.719228301341403586e+00
2.649071358748777971e+00 -2.162779647227716850e+01
2.658846529814271609e+00 1.622892198925753604e+01
2.668621700879765246e+00 3.733786990367599312e+00
2.678396871945258884e+00 -4.571920900589331538e+00
2.688172043010752521e+00 -2.442930009213864828e+00
2.697947214076246158e+00 4.675170544815736129e+00
2.707722385141739796e+00 -1.597243982945208973e-01
2.717497556207233433e+00 -1.542903613206070723e+01
2.727272727272727071e+00 1.738329102997836628e+01
2.737047898338220708e+00 3.760043034927418315e-02
2.746823069403714346e+00 9.141619656071375388e+00
2.756598240469208427e+00 -4.494081810620213169e+00
2.766373411534702065e+00 1.339917069606239330e+01
2.776148582600195702e+00 3.468443449181667582e+00
2.785923753665689340e+00 6.121576345221545701e+00
2.795698924731182977e+00 -7.034649010353871468e+00
2.805474095796676615e+00 1.109627398223677552e+01
2.815249266862170252e+00 7.008260248456817720e+00
2.825024437927663890e+00 1.198956830360167736e+01
2.834799608993157527e+00 -3.362807571080503433e+00
2.844574780058651164e+00 -2.097769160368431418e+00
2.854349951124144802e+00 2.027116630974657951e+01
2.864125122189638439e+00 -6.550785532237591191e+00
2.873900293255132077e+00 9.305984528349033891e-01
2.883675464320625714e+00 1.120069101427685609e+01
2.893450635386119352e+00 2.972346226892522925e+00
2.903225806451612989e+00 6.935863330536128579e+00
2.913000977517106627e+00 -8.459087667035110059e-01
2.922776148582600264e+00 5.382404853428434777e+00
2.932551319648093902e+00 -7.964073622013803089e+00
2.942326490713587539e+00 1.581240694282374548e+01
2.952101661779081176e+00 1.653498782989285321e+00
2.961876832844574814e+00 -2.799657553596889947e+00
2.971652003910068451e+00 8.006679733097126217e+00
2.981427174975562089e+00 -9.859016276718413074e-01
2.991202346041055726e+00 -7.959934678362304616e+00
3.000977517106549364e+00 -8.055509488414523744e+00
3.010752688172043001e+00 8.262272670291340049e+00
3.020527859237536639e+00 1.419208597235814384e+00
3.030303030303030276e+00 1.599987652949470984e+00
3.040078201368523914e+00 1.125583783670041171e+01
3.049853372434017551e+00 -6.425427549548022199e+00
3.059628543499511188e+00 -3.309307664166659890e+00
3.069403714565004826e+00 -6.036040356891358982e-01
3.079178885630498463e+00 3.162774064597656754e+00
3.088954056695992101e+00 1.997206148856422114e+00
3.098729227761485738e+00 -3.889225057356471282e-02
3.108504398826979376e+00 1.680772062858107319e+00
3.118279569892473013e+00 1.229806334155261194e+00
3.128054740957966651e+00 -3.756318370310881782e+00
3.137829912023460288e+00 -4.592478055731403330e+00
3.147605083088953926e+00 4.018053061580413754e+00
3.157380254154447563e+00 -5.394671559180455489e+00
3.167155425219941201e+00 -7.614503670641331823e+00
3.176930596285434838e+00 -9.407333083988846933e-01
3.186705767350928475e+00 2.116461312345145895e-01
3.196480938416422113e+00 1.944471225969783390e+01
3.206256109481915750e+00 -4.325797925112350839e+00
3.216031280547409388e+00 8.782005058312361001e+00
3.225806451612903025e+00 7.141000941952747816e+00
3.235581622678396663e+00 -8.416871556976893487e+00
3.245356793743890300e+00 7.215623417377655890e+00
3.255131964809384382e+00 -8.502770467466875814e+00
3.264907135874878019e+00 -2.036266484438120017e+01
3.274682306940371657e+00 5.707431728480950817e+00
3.284457478005865294e+00 -1.324043425211291058e+01
3.294232649071358932e+00 4.367535685259593237e+00
3.304007820136852569e+00 -4.755220846864481210e+00
3.313782991202346206e+00 1.395338297601904642e+01
3.323558162267839844e+00 9.188322952927508780e+00
3.333333333333333481e+00 -3.020555771098468067e+00
3.343108504398827119e+00 -4.927027249368295614e+00
3.352883675464320756e+00 -9.165093745993493357e+00
3.362658846529814394e+00 -3.005443154938314265e+00
3.372434017595308031e+00 -1.744076358008451511e+00
3.382209188660801669e+00 -2.439670502700180599e+00
3.391984359726295306e+00 1.712770608210282264e+00
3.401759530791788944e+00 5.070605238903975298e+00
3.411534701857282581e+00 3.224883391286696988e+00
3.421309872922776218e+00 -5.698468792434947972e+00
3.431085043988269856e+00 -1.109888423204176533e+01
3.440860215053763493e+00 1.131011761838539620e+01
3.450635386119257131e+00 -5.129734223860046072e+00
3.460410557184750768e+00 -4.838970515116439053e+00
3.470185728250244406e+00 -3.795142470620839426e+00
3.479960899315738043e+00 -1.437375322519311638e+01
3.489736070381231681e+00 -3.455147058810164484e+00
3.499511241446725318e+00 -3.469365336190922466e+00
3.509286412512218956e+00 5.331372409427541648e+00
3.519061583577712593e+00 5.958181419749792873e+00
3.528836754643206230e+00 4.041180961061948129e-01
3.538611925708699868e+00 7.833598988054893297e+00
3.548387096774193505e+00 3.104863382144313455e+00
3.558162267839687143e+00 2.675354803481968524e-01
3.567937438905180780e+00 1.689841392748332005e+00
3.577712609970674418e+00 -1.111745309003799864e+00
3.587487781036168055e+00 -2.732525236490429332e+00
3.597262952101661693e+00 -1.700998295155668361e+00
3.607038123167155330e+00 -8.566711056520595946e+00
3.616813294232648968e+00 2.719442914476306150e+00
3.626588465298142605e+00 -7.448410692127200861e+00
3.636363636363636243e+00 7.252564520860380171e+00
3.646138807429129880e+00 -1.450814736912923841e+00
3.655913978494623517e+00 9.686992542886156965e-01
3.665689149560117155e+00 4.554012971979246593e+00
3.675464320625610792e+00 5.783258733686691855e+00
3.685239491691104430e+00 -1.189182336145238317e+01
3.695014662756598067e+00 -9.424984290672197007e-01
3.704789833822091705e+00 7.797019358710038262e+00
3.714565004887585342e+00 -1.278297733804892822e+01
3.724340175953078980e+00 3.949937894744253164e+00
3.734115347018572617e+00 -1.713935116116208945e+01
3.743890518084066255e+00 -7.217705240821000068e+00
3.753665689149560336e+00 1.332341824532848662e+00
3.763440860215053974e+00 -1.216571002816321112e+01
3.773216031280547611e+00 -6.727637176833913379e+00
3.782991202346041248e+00 -1.054616212080478732e+01
3.792766373411534886e+00 1.448914540303150034e+01
3.802541544477028523e+00 2.696696629045892024e+00
3.812316715542522161e+00 6.002976504970443550e+00
3.822091886608015798e+00 -2.323614660051940284e-01
3.831867057673509436e+00 -1.191869373405149091e+00
3.841642228739003073e+00 -1.120802954288479114e+01
3.851417399804496711e+00 -5.217281856087621073e-01
3.861192570869990348e+00 -4.189417153533469218e+00
3.870967741935483986e+00 8.855048321632228436e+00
3.880742913000977623e+00 1.120837433295128349e+01
3.890518084066471260e+00 1.389798427124214086e+01
3.900293255131964898e+00 9.068545291049092683e+00
3.910068426197458535e+00 -2.462281912657319882e+00
3.919843597262952173e+00 -6.526301896396436319e+00
3.929618768328445810e+00 8.602284114095819945e+00
3.939393939393939448e+00 5.380718602324668254e+00
3.949169110459433085e+00 -1.156407060841014456e+01
3.958944281524926723e+00 5.473666013758146320e+00
3.968719452590420360e+00 9.182608094500546159e+00
3.978494623655913998e+00 3.165021627411145566e+00
3.988269794721407635e+00 1.230482766375968096e+00
3.998044965786901273e+00 -3.743111146708236081e+00
4.007820136852394910e+00 -8.857274481808465438e+00
4.017595307917888547e+00 9.104121039820178396e+00
4.027370478983382185e+00 2.055629610824576403e-01
4.037145650048875822e+00 7.778386137116206633e-01
4.046920821114369460e+00 1.646526957021310977e+01
4.056695992179863097e+00 8.028877655136565039e+00
4.066471163245356735e+00 5.460990476257120640e+00
4.076246334310850372e+00 3.565359427001618897e+00
4.086021505376344010e+00 1.451711801769816113e+01
4.095796676441837647e+00 1.603689955641352682e+01
4.105571847507331285e+00 9.634919984248977443e+00
4.115347018572824922e+00 6.771977460119018133e+00
4.125122189638318559e+00 -1.472981072292660976e+01
4.134897360703812197e+00 2.928044641362454126e+00
4.144672531769305834e+00 8.079346668042861612e-01
4.154447702834799472e+00 2.510985842377286392e+00
4.164222873900293109e+00 9.215061155649287628e+00
4.173998044965786747e+00 -2.033399146999661511e+01
4.183773216031280384e+00 -3.056377643916659004e+00
4.193548387096774022e+00 3.574483507649365066e+00
4.203323558162267659e+00 -2.399551682837324229e+00
4.213098729227761297e+00 -1.007691853853410535e+01
4.222873900293254934e+00 8.136555692856568101e+00
4.232649071358748571e+00 3.329918240102457183e+00
4.242424242424242209e+00 -6.720104458198798980e+00
4.252199413489735846e+00 3.504813795915671548e+00
4.261974584555229484e+00 7.500273735339413328e+00
4.271749755620723121e+00 9.149806401146918233e-01
4.281524926686216759e+00 7.225886248782775745e+00
4.291300097751710396e+00 1.399763959923996381e+00
4.301075268817204034e+00 -2.432360623004244271e+00
4.310850439882697671e+00 -8.586759159174233602e+00
4.320625610948191309e+00 -3.650282048079012132e-02
4.330400782013684946e+00 2.170682068721319524e+00
4.340175953079178583e+00 7.591301563753090953e+00
4.349951124144672221e+00 -3.651653493008135687e-01
4.359726295210165858e+00 4.188678805730524424e+00
4.369501466275659496e+00 -7.211422953350540510e+00
4.379276637341153133e+00 -5.777120095165479086e+00
4.389051808406646771e+00 -4.185718015206427722e-01
4.398826979472140408e+00 -7.989789048113832948e+00
4.408602150537634046e+00 6.993870569739857324e+00
4.418377321603127683e+00 4.123429207991464729e+00
4.428152492668621321e+00 2.639407477066742391e+00
4.437927663734114958e+00 3.107802291015391738e+00
4.447702834799608596e+00 1.655644648699998456e+01
4.457478005865102233e+00 -3.369747747899588752e+00
4.467253176930595870e+00 -1.723580879978765878e+01
4.477028347996089508e+00 1.966126274784752770e+00
4.486803519061583145e+00 -3.568284213130934468e-02
4.496578690127076783e+00 -3.772187892139169829e+00
4.506353861192571308e+00 -7.462466191777489044e+00
4.516129032258064946e+00 -3.143744412510548702e+00
4.525904203323558583e+00 1.823481166452670443e+00
4.535679374389052221e+00 -3.645332462763127168e+00
4.545454545454545858e+00 1.968271650834567055e+01
4.555229716520039496e+00 -7.293559873041175479e+00
4.565004887585533133e+00 -5.945519159229140982e+00
4.574780058651026771e+00 -1.789897464445620656e+01
4.584555229716520408e+00 2.434123844505206691e+00
4.594330400782014046e+00 -1.569495863085913534e+01
4.604105571847507683e+00 -3.863417281902857603e+00
4.613880742913001320e+00 -1.735232927826248162e+00
4.623655913978494958e+00 -5.187678284833656228e+00
4.633431085043988595e+00 1.442336894923782609e+01
4.643206256109482233e+00 8.492146464712032383e+00
4.652981427174975870e+00 1.111719271509276652e+01
4.662756598240469508e+00 -6.465497399027046121e+00
4.672531769305963145e+00 9.655160496488868205e+00
4.682306940371456783e+00 4.629921588150541112e+00
4.692082111436950420e+00 6.871769390838531777e+00
4.701857282502444058e+00 8.977887904913066208e+00
4.711632453567937695e+00 -6.482488074696353131e+00
4.721407624633431332e+00 -2.558172816786023152e+00
4.731182795698924970e+00 7.789502609371870889e+00
4.740957966764418607e+00 -2.030015293168456481e+01
4.750733137829912245e+00 1.311124171101887370e+01
4.760508308895405882e+00 5.493259399614965233e+00
4.770283479960899520e+00 7.698990456526377812e-01
4.780058651026393157e+00 2.970584994578418847e+00
4.789833822091886795e+00 -6.958434349207825775e+00
4.799608993157380432e+00 -1.440641495274210371e+00
4.809384164222874070e+00 1.024210336390398268e+01
4.819159335288367707e+00 1.190765096256799715e+01
4.828934506353861345e+00 2.317921636582327594e+01
4.838709677419354982e+00 1.105775813444000555e+00
4.848484848484848619e+00 -3.482283658116442915e+00
4.858260019550342257e+00 -2.238208465520607149e+00
4.868035190615835894e+00 -6.179327894495235896e+00
4.877810361681329532e+00 1.430531248780811504e+00
4.887585532746823169e+00 5.201750413887771707e+00
4.897360703812316807e+00 1.949731458078320490e+00
4.907135874877810444e+00 1.107454977172173294e+01
4.916911045943304082e+00 5.055397937494154892e-01
4.926686217008797719e+00 -3.303931426014372619e-01
4.936461388074291357e+00 -2.137436020786867452e+00
4.946236559139784994e+00 -1.049215980228017209e+01
4.956011730205278631e+00 -9.925091644897086951e+00
4.965786901270772269e+00 -6.776832735823703047e+00
4.975562072336265906e+00 1.309791225201224307e+01
4.985337243401759544e+00 9.868860572261663577e+00
4.995112414467253181e+00 1.371671298399905226e+01
5.004887585532746819e+00 -7.940692783900880514e+00
5.014662756598240456e+00 -1.304221912914593773e+01
5.024437927663734094e+00 -2.593962882378506585e+00
5.034213098729227731e+00 4.062982335646024623e+00
5.043988269794721369e+00 6.606572348849166332e+00
5.053763440860215006e+00 1.095269365534021411e+01
5.063538611925708643e+00 4.786949160553453098e+00
5.073313782991202281e+00 1.639056232263212110e+01
5.083088954056695918e+00 5.984207569191470899e-01
5.092864125122189556e+00 -5.000858737939023690e+00
5.102639296187683193e+00 -1.122607602162151252e+01
5.112414467253176831e+00 -4.971879890973974092e+00
5.122189638318670468e+00 3.990312984188604695e+00
5.131964809384164106e+00 -5.144754951025355183e+00
5.141739980449657743e+00 9.369602970281359688e+00
5.151515151515151381e+00 1.308476172462313514e+01
5.161290322580645018e+00 -1.725952209812550464e+01
5.171065493646138655e+00 8.521842349295827290e+00
5.180840664711632293e+00 -1.639335728533565728e+01
5.190615835777125930e+00 4.651821098863290871e+00
5.200391006842619568e+00 1.115786993498790736e+01
5.210166177908113205e+00 1.799896768012603676e+00
5.219941348973606843e+00 -9.030989637112879720e+00
5.229716520039100480e+00 -3.547918903287657244e+00
5.239491691104594118e+00 -1.024960679732913604e+00
5.249266862170087755e+00 -4.533412198863091547e-01
5.259042033235581393e+00 -6.783749140184318627e-01
5.268817204301075030e+00 9.672284269753528285e-03
5.278592375366568668e+00 2.544208542318544986e+00
5.288367546432062305e+00 -8.880971336889698975e+00
5.298142717497555942e+00 -1.193781364310825044e+00
5.307917888563049580e+00 1.284661116426941518e+01
5.317693059628543217e+00 -2.415249367741296727e+00
5.327468230694036855e+00 -2.924280764869259919e+00
5.337243401759530492e+00 9.219431579086204920e+00
5.347018572825024130e+00 -1.990937962607261014e+01
5.356793743890517767e+00 9.988020144494331731e+00
5.366568914956011405e+00 -4.542842534439597735e+00
5.376344086021505042e+00 1.801574021562143635e+00
5.386119257086998680e+00 1.240702196027781756e+00
5.395894428152492317e+00 7.991964738856304429e+00
5.405669599217985954e+00 -1.704463578343833996e+00
5.415444770283479592e+00 -5.001957728182691909e+00
5.425219941348973229e+00 1.079275200086881092e+01
5.434995112414466867e+00 -1.851397079469720808e+01
5.444770283479960504e+00 5.531486336659543479e-01
5.454545454545454142e+00 -1.040031630903728121e+01
5.464320625610947779e+00 -5.715385963675292835e+00
5.474095796676441417e+00 1.646282718441519677e+01
5.483870967741935054e+00 1.300835025977842285e-02
5.493646138807428692e+00 1.928730260303719746e+00
5.503421309872922329e+00 -1.388453839770067511e+01
5.513196480938416855e+00 -5.463211784795547921e+00
5.522971652003910492e+00 1.944183905443310323e+00
5.532746823069404130e+00 3.213783029122546431e+00
5.542521994134897767e+00 5.316258190981006493e+00
5.552297165200391404e+00 4.571211864622148902e-01
5.562072336265885042e+00 4.612602956925113240e+00
5.571847507331378679e+00 4.036896663012586650e+00
5.581622678396872317e+00 -1.421953671459364443e+01
5.591397849462365954e+00 7.279336464236043636e-01
5.601173020527859592e+00 6.590457925627907443e+00
5.610948191593353229e+00 5.183581156570613580e+00
5.620723362658846867e+00 -2.426957328311598605e+00
5.630498533724340504e+00 -5.939538903795657632e+00
5.640273704789834142e+00 -8.417141438610459048e+00
5.650048875855327779e+00 -4.927376937342995422e-01
5.659824046920821417e+00 9.649278507532216054e+00
5.669599217986315054e+00 -1.499809424749767217e+01
5.679374389051808691e+00 -4.628190522543873087e+00
5.689149560117302329e+00 -8.429814671389122438e+00
5.698924731182795966e+00 7.009131408154589238e+00
5.708699902248289604e+00 -3.660794453939706372e+00
5.718475073313783241e+00 -2.943733443903531644e+00
5.728250244379276879e+00 -8.629570897733890300e-01
5.738025415444770516e+00 4.490734046099426280e+00
5.747800586510264154e+00 -2.152835825408015324e+00
5.757575757575757791e+00 -2.332041233304234140e+01
5.767350928641251429e+00 5.461438124433588115e+00
5.777126099706745066e+00 4.697191459058542407e+00
5.786901270772238703e+00 -4.979978601737351518e-01
5.796676441837732341e+00 -7.337080279790702875e+00
5.806451612903225978e+00 4.229489553574132366e+00
5.816226783968719616e+00 4.532003052129512710e+00
5.826001955034213253e+00 -2.176837194087166250e+00
5.835777126099706891e+00 -6.315930753516330043e-02
5.845552297165200528e+00 -5.681892012901837319e+00
5.855327468230694166e+00 4.200775636552762649e-01
5.865102639296187803e+00 -1.046516543317344450e+01
5.874877810361681441e+00 5.365564414977228580e+00
5.884652981427175078e+00 -5.440767197658725962e+00
5.894428152492668715e+00 4.103704275071245355e+00
5.904203323558162353e+00 -8.967518233059230681e+00
5.913978494623655990e+00 -2.363302035384336808e+00
5.923753665689149628e+00 1.544949744976307882e+00
5.933528836754643265e+00 -1.079120802894580144e+01
5.943304007820136903e+00 3.474051785383776458e+00
5.953079178885630540e+00 -4.296804281793411562e-01
5.962854349951124178e+00 -1.129327767641268210e+01
5.972629521016617815e+00 -7.747463513642398603e+00
5.982404692082111453e+00 7.542698117757288934e+00
5.992179863147605090e+00 9.879450999109227638e+00
6.001955034213098727e+00 1.662807635982872734e+00
6.011730205278592365e+00 5.949006630774680282e+00
6.021505376344086002e+00 4.484365420461392304e+00
6.031280547409579640e+00 5.303433371619522774e+00
6.041055718475073277e+00 1.291768372845033852e+01
6.050830889540566915e+00 -9.471750188708069729e+00
6.060606060606060552e+00 7.942061921439341532e+00
6.070381231671554190e+00 -5.870929836874285712e-01
6.080156402737047827e+00 6.068025172736040140e-01
6.089931573802541465e+00 -9.104826091398887655e-02
6.099706744868035102e+00 -7.530471579310309416e-01
6.109481915933528740e+00 -7.644214987615434609e+00
6.119257086999022377e+00 3.546272993751509617e+00
6.129032258064516014e+00 1.535920118960440384e+01
6.138807429130009652e+00 1.453456377369463759e+00
6.148582600195503289e+00 1.801890374493378078e+00
6.158357771260996927e+00 -3.774628330929840736e+00
6.168132942326490564e+00 6.957882453075552309e-01
6.177908113391984202e+00 5.278370746388295842e+00
6.187683284457477839e+00 -1.497285243485651840e+00
6.197458455522971477e+00 -2.247557743268784769e+00
6.207233626588465114e+00 4.530182266676996861e+00
6.217008797653958752e+00 -6.115520219648454159e+00
6.226783968719452389e+00 3.176421741254277897e+00
6.236559139784946026e+00 7.650585168503794442e+00
6.246334310850439664e+00 1.190288574324722148e+01
6.256109481915933301e+00 2.392934500482557514e-01
6.265884652981426939e+00 1.184594059250914100e+01
6.275659824046920576e+00 9.126973183435895365e+00
6.285434995112414214e+00 -7.167831905559419958e+00
6.295210166177907851e+00 -8.987920030681422645e+00
6.304985337243401489e+00 -1.726978122590807629e+00
6.314760508308895126e+00 8.904647848374075636e+00
6.324535679374388764e+00 5.844695270323307934e-02
6.334310850439882401e+00 -4.201941699530710395e+00
6.344086021505376038e+00 1.299068484147637825e+01
6.353861192570869676e+00 2.840089808401439431e+00
6.363636363636363313e+00 -1.804523979805464151e+01
6.373411534701856951e+00 3.033863205650956907e+00
6.383186705767350588e+00 4.636234188512881715e+00
6.392961876832844226e+00 2.262248831008291550e+00
6.402737047898337863e+00 4.038566801852005561e+00
6.412512218963831501e+00 -1.119339956066792152e-01
6.422287390029325138e+00 -1.013368431751047716e+01
6.432062561094818776e+00 -2.563215979401078926e+00
6.441837732160312413e+00 -7.171933991281695064e+00
6.451612903225806051e+00 -7.076783774620803769e+00
6.461388074291299688e+00 -9.725734797677739962e+00
6.471163245356793325e+00 3.993863724533211368e+00
6.480938416422286963e+00 1.153693390192121360e+00
6.490713587487780600e+00 -3.216816878766223020e+00
6.500488758553274238e+00 -4.826822245970446623e+00
6.510263929618768763e+00 1.812601333421118011e-01
6.520039100684262401e+00 9.004361000959985262e+00
6.529814271749756038e+00 -1.565935369620327400e+01
6.539589442815249676e+00 3.394390451170856249e+00
6.549364613880743313e+00 -3.979836539602804368e+00
6.559139784946236951e+00 -1.468282392626995403e+01
6.568914956011730588e+00 -1.516217710694080800e+01
6.578690127077224226e+00 -6.887585354265739035e+00
6.588465298142717863e+00 2.183724181685667620e+00
6.598240469208211501e+00 3.586936728913680650e+00
6.608015640273705138e+00 -7.052712815390909995e+00
6.617790811339198775e+00 8.614045783739260997e+00
6.627565982404692413e+00 1.188263557559646877e+01
6.637341153470186050e+00 3.690630583054898661e+00
6.647116324535679688e+00 -4.183695863705414020e+00
6.656891495601173325e+00 9.571027114944110181e+00
6.666666666666666963e+00 6.649696225019340545e+00
6.676441837732160600e+00 7.579507049238777938e+00
6.686217008797654238e+00 -4.574732793272180409e+00
6.695992179863147875e+00 -2.195956970716436629e+01
6.705767350928641513e+00 1.769438816268167969e+01
6.715542521994135150e+00 -1.208033681221062494e+01
6.725317693059628787e+00 5.707309587241333748e-01
6.735092864125122425e+00 1.995667586935072890e+01
6.744868035190616062e+00 3.612888704274658469e+00
6.754643206256109700e+00 8.623571386622737478e+00
6.764418377321603337e+00 -1.092448447040070825e+01
6.774193548387096975e+00 -1.305784136955396413e+01
6.783968719452590612e+00 -3.025703077280032183e+00
6.793743890518084250e+00 1.003780215721351610e+01
6.803519061583577887e+00 -1.379071299866327927e+00
6.813294232649071525e+00 -4.884108308026950951e+00
6.823069403714565162e+00 3.141343020166397881e+00
6.832844574780058799e+00 1.029982015070362067e+01
6.842619745845552437e+00 -9.826872487803209211e+00
6.852394916911046074e+00 -7.862421753197923913e+00
6.862170087976539712e+00 -4.397888183373718896e+00
6.871945259042033349e+00 1.075762373580018760e+01
6.881720430107526987e+00 3.966820752074515788e+00
6.891495601173020624e+00 1.923101056418683186e+01
6.901270772238514262e+00 9.747771095194615043e+00
6.911045943304007899e+00 2.053816344223687196e+00
6.920821114369501537e+00 1.252858405477119064e+01
6.930596285434995174e+00 4.167410539616093423e+00
6.940371456500488812e+00 -3.103256461307622782e+00
6.950146627565982449e+00 8.028977674466739600e+00
6.959921798631476086e+00 -2.936725841998355069e+00
6.969696969696969724e+00 3.464233238660487935e-01
6.979472140762463361e+00 1.331805767006981434e+01
6.989247311827956999e+00 1.901835559031084255e+00
6.999022482893450636e+00 -3.706900540767107177e+00
7.008797653958944274e+00 -1.000568438624209744e+00
7.018572825024437911e+00 1.087418135614597148e+01
7.028347996089931549e+00 -1.744710310492022742e+00
7.038123167155425186e+00 -4.531986964272580742e-01
7.047898338220918824e+00 -1.483530773051180418e+00
7.057673509286412461e+00 4.018765460600719486e+00
7.067448680351906098e+00 -5.957768911361340791e-01
7.077223851417399736e+00 -1.039273064113201173e+01
7.086999022482893373e+00 -4.747764067360828122e+00
7.096774193548387011e+00 -5.190078439541718325e+00
7.106549364613880648e+00 1.213710156081491576e+01
7.116324535679374286e+00 8.606952450327636228e+00
7.126099706744867923e+00 6.716271093460086661e+00
7.135874877810361561e+00 -2.113525488580489053e+00
7.145650048875855198e+00 -4.686499607676718249e+00
7.155425219941348836e+00 -2.309693025940987354e+00
7.165200391006842473e+00 -6.753147914361260717e+00
7.174975562072336110e+00 2.155240159977775605e+01
7.184750733137829748e+00 -1.647285825479270116e+01
7.194525904203323385e+00 5.919179945365648621e+00
7.204301075268817023e+00 -8.949040465118452303e+00
7.214076246334310660e+00 4.160777374604015533e-01
7.223851417399804298e+00 -6.726321601906437131e+00
7.233626588465297935e+00 -8.312877437765031630e+00
7.243401759530791573e+00 -8.079253435824774954e+00
7.253176930596285210e+00 1.502012719228144988e+01
7.262952101661778848e+00 -1.419816902676752646e-01
7.272727272727272485e+00 -5.258269416720869671e+00
7.282502443792766122e+00 5.262735322854234177e+00
7.292277614858259760e+00 8.519016305108105813e-01
7.302052785923753397e+00 6.485506400755452816e+00
7.311827956989247035e+00 -1.390935625521569108e+01
7.321603128054740672e+00 3.076178994202845907e+00
7.331378299120234310e+00 6.794599105683243323e+00
7.341153470185727947e+00 -1.271116280566452339e+01
7.350928641251221585e+00 4.138507854522534224e+00
7.360703812316715222e+00 1.409631011884564877e+01
7.370478983382208860e+00 3.843533233747346567e-01
7.380254154447702497e+00 7.053127162818671358e+00
7.390029325513196135e+00 5.827284749812424280e+00
7.399804496578689772e+00 -5.214428097820890784e+00
7.409579667644183409e+00 7.485900131758023157e-01
7.419354838709677047e+00 -1.211882320729995399e+01
7.429130009775170684e+00 -3.204864156219732862e+00
7.438905180840664322e+00 2.521155026437585711e+00
7.448680351906157959e+00 6.172140389862713405e+00
7.458455522971651597e+00 5.774521230408873329e-01
7.468230694037145234e+00 6.135127086258147955e+00
7.478005865102638872e+00 -8.451846313764296070e+00
7.487781036168132509e+00 -4.446135035296222004e-01
7.497556207233626147e+00 5.221578864424358812e-01
7.507331378299120672e+00 1.516499985980767207e+01
7.517106549364614310e+00 -1.343324710396187394e+00
7.526881720430107947e+00 -3.618981238165238867e+00
7.536656891495601585e+00 5.485332553708063275e-01
7.546432062561095222e+00 -6.969150086413978151e+00
7.556207233626588859e+00 1.933329400642705309e+00
7.565982404692082497e+00 -2.520039521610784039e+00
7.575757575757576134e+00 -1.391948612329824186e+01
7.585532746823069772e+00 -4.512104536154265544e-02
7.595307917888563409e+00 -2.102544080528498061e+00
7.605083088954057047e+00 -1.260546669820752541e+01
7.614858260019550684e+00 -6.503709395371304325e-02
7.624633431085044322e+00 1.240711494261882919e+01
7.634408602150537959e+00 4.685169346591196771e+00
7.644183773216031597e+00 5.435004519136196421e+00
7.653958944281525234e+00 -1.016502222101245856e+01
7.663734115347018871e+00 4.412167109897850104e+00
7.673509286412512509e+00 1.817419926844375144e+00
7.683284457478006146e+00 4.897994667898304400e+00
7.693059628543499784e+00 4.085587828081449935e+00
7.702834799608993421e+00 -1.013149897056023008e+01
7.712609970674487059e+00 4.611265768524202002e-01
7.722385141739980696e+00 -5.221526391830859204e+00
7.732160312805474334e+00 4.935007127760505652e-01
7.741935483870967971e+00 -6.228595298824510351e+00
7.751710654936461609e+00 1.151056906105494981e+01
7.761485826001955246e+00 -5.797010976657887227e+00
7.771260997067448884e+00 -6.049070411097045685e+00
7.781036168132942521e+00 1.810511258987237193e+00
7.790811339198436158e+00 -7.328105037520288967e+00
7.800586510263929796e+00 -2.030441583262609484e+00
7.810361681329423433e+00 -5.191639696189231046e+00
7.820136852394917071e+00 1.282135061354905048e+01
7.829912023460410708e+00 7.904557443803636119e+00
7.839687194525904346e+00 1.246269199362652680e+00
7.849462365591397983e+00 -1.334657477560541983e+00
7.859237536656891621e+00 9.411959377822631367e+00
7.869012707722385258e+00 5.215533910108793414e+00
7.878787878787878896e+00 6.046538120366014013e+00
7.888563049853372533e+00 1.938869569024736617e+00
7.898338220918866170e+00 -1.127397918188828640e+01
7.908113391984359808e+00 1.411819407108976243e+00
7.917888563049853445e+00 -1.873393849992348148e+00
7.927663734115347083e+00 7.616308799012755593e+00
7.937438905180840720e+00 1.061341344171069601e+01
7.947214076246334358e+00 -2.689503332274300273e+00
7.956989247311827995e+00 6.368474318531040623e+00
7.966764418377321633e+00 1.654689630142760493e+01
7.976539589442815270e+00 -2.652739409251674729e+00
7.986314760508308908e+00 1.616363132573867034e+01
7.996089931573802545e+00 -4.103225122092885258e+00
8.005865102639296182e+00 2.900114947603985804e+00
8.015640273704789820e+00 2.616033668558882308e+00
8.025415444770283457e+00 2.775906422289022402e+00
8.035190615835777095e+00 -4.048520578301593176e+00
8.044965786901270732e+00 -2.116844599719172493e+00
8.054740957966764370e+00 -2.778115287518380327e+00
8.064516129032258007e+00 5.122377362153997638e+00
8.074291300097751645e+00 5.082773955135724719e+00
8.084066471163245282e+00 2.017950608097857312e+01
8.093841642228738920e+00 1.326386864680846500e+01
8.103616813294232557e+00 -1.863304298344236720e+00
8.113391984359726194e+00 4.730304000064894154e+00
8.123167155425219832e+00 1.002154518718006315e+01
8.132942326490713469e+00 2.200917773164875690e+00
8.142717497556207107e+00 1.309573697159852834e+00
8.152492668621700744e+00 2.189806378947479537e+00
8.162267839687194382e+00 8.626546213371302230e+00
8.172043010752688019e+00 -5.185825049599014136e+00
8.181818181818181657e+00 -1.090356395889813035e+00
8.191593352883675294e+00 5.195072688863474397e+00
8.201368523949168932e+00 3.842553298319598909e+00
8.211143695014662569e+00 3.190103786698884836e+00
8.220918866080156207e+00 -1.759146475818222255e+00
8.230694037145649844e+00 8.908917633320500684e+00
8.240469208211143481e+00 1.813262108020546393e+01
8.250244379276637119e+00 4.249789647978455598e+00
8.260019550342130756e+00 -6.063885551407283137e-01
8.269794721407624394e+00 6.929254895381594892e+00
8.279569892473118031e+00 -3.481729102966056644e+00
8.289345063538611669e+00 -5.214584929782012601e+00
8.299120234604105306e+00 1.000511558820294855e+00
8.308895405669598944e+00 -1.996585583149441945e+01
8.318670576735092581e+00 -8.573376614439780496e+00
8.328445747800586219e+00 -2.160672649369370646e+00
8.338220918866079856e+00 -1.023635673239175681e+01
8.347996089931573493e+00 -7.699874501873146926e+00
8.357771260997067131e+00 -2.959565987627406081e+00
8.367546432062560768e+00 -1.263366303817372582e+01
8.377321603128054406e+00 -2.760528459118887223e+00
8.387096774193548043e+00 -3.813913744149028950e+00
8.396871945259041681e+00 6.537813725935535114e-01
8.406647116324535318e+00 9.668279143001878850e+00
8.416422287390028956e+00 1.800978838488286327e+00
8.426197458455522593e+00 5.773502214599031124e-01
8.435972629521016231e+00 1.194089135284599035e+00
8.445747800586509868e+00 2.208809508657685772e+00
8.455522971652003505e+00 -7.751477504409526986e+00
8.465298142717497143e+00 -5.415092015615274867e-01
8.475073313782990780e+00 2.842419780023673681e+00
8.484848484848484418e+00 -1.059653085547545714e+01
8.494623655913978055e+00 7.293312762136424432e+00
8.504398826979471693e+00 9.019028245304076208e+00
8.514173998044965330e+00 -4.681667656268905908e+00
8.523949169110458968e+00 -1.558642155251687145e+00
8.533724340175952605e+00 -6.649322553005003300e+00
8.543499511241446243e+00 5.976835130239466665e+00
8.553274682306939880e+00 -8.100903367513769382e+00
8.563049853372433518e+00 -1.382312731071475342e+00
8.572825024437927155e+00 -6.463619956561267088e+00
8.582600195503420792e+00 8.272904356023516037e-01
8.592375366568914430e+00 -1.392049607962307789e+01
8.602150537634408067e+00 1.106057250738326836e+01
8.611925708699901705e+00 -7.250466700953852595e+00
8.621700879765395342e+00 9.651259885878211708e-01
8.631476050830888980e+00 -1.192429793614013356e+00
8.641251221896382617e+00 -5.565041128347813171e+00
8.651026392961876255e+00 -6.543771832411598766e+00
8.660801564027369892e+00 8.078871305579950146e+00
8.670576735092863530e+00 -3.585458968129796364e+00
8.680351906158357167e+00 2.823930921096517999e+00
8.690127077223850804e+00 -5.719430079372742171e+00
8.699902248289344442e+00 -4.443711844332171701e+00
8.709677419354838079e+00 4.556269956910102614e+00
8.719452590420331717e+00 8.269599883239344251e+00
8.729227761485825354e+00 -5.245636261017351254e-01
8.739002932551318992e+00 -1.044207115962761456e+01
8.748778103616812629e+00 1.697600070741193790e+01
8.758553274682306267e+00 -5.797209637671882909e+00
8.768328445747799904e+00 -1.121093048813461657e+01
8.778103616813293542e+00 2.194743418820402781e+01
8.787878787878787179e+00 -1.966389233518625046e+00
8.797653958944280816e+00 -1.035078245638927541e+01
8.807429130009774454e+00 -4.044104057289473531e+00
8.817204301075268091e+00 4.446906239819931272e+00
8.826979472140761729e+00 3.114565390903661690e+00
8.836754643206255366e+00 -5.134327494333522424e+00
8.846529814271749004e+00 1.635006871854240629e+01
8.856304985337242641e+00 -2.314889006748048317e+00
8.866080156402736279e+00 -7.530302413202426770e+00
8.875855327468229916e+00 9.721363086188958391e+00
8.885630498533723554e+00 1.275527945900172533e+01
8.895405669599217191e+00 -4.332766991634510845e+00
8.905180840664710828e+00 -8.922685365003445668e+00
8.914956011730204466e+00 1.060808823353717756e+01
8.924731182795698103e+00 -1.394287852530527339e+01
8.934506353861191741e+00 -7.312404061730674698e+00
8.944281524926685378e+00 1.029786675206609736e+01
8.954056695992179016e+00 2.165282938873792418e+00
8.963831867057672653e+00 5.377851907536519427e-01
8.973607038123166291e+00 5.503778223400278335e+00
8.983382209188659928e+00 1.481322776273595876e+00
8.993157380254153566e+00 -7.673722687404270104e+00
9.002932551319647203e+00 1.292642320848455739e+01
9.012707722385142617e+00 1.330974781236068338e+01
9.022482893450636254e+00 4.333999395270892840e+00
9.032258064516129892e+00 3.024276208738281291e+00
9.042033235581623529e+00 2.134264493776139204e+01
9.051808406647117167e+00 3.677493686979405041e-01
9.061583577712610804e+00 4.479464813477171958e-01
9.071358748778104442e+00 5.378305757182655356e+00
9.081133919843598079e+00 1.416430405393208503e+01
9.090909090909091717e+00 1.506143847484141673e+01
9.100684261974585354e+00 1.714336584226292537e-01
9.110459433040078991e+00 4.623545601307418096e+00
9.120234604105572629e+00 -8.953818522267065205e+00
9.130009775171066266e+00 -5.130240420117400113e-01
9.139784946236559904e+00 -4.828752015920003693e+00
9.149560117302053541e+00 -6.250631294828674633e+00
9.159335288367547179e+00 1.516750289635822213e+01
9.169110459433040816e+00 -4.711446056629031709e+00
9.178885630498534454e+00 -2.712351619175041417e+00
9.188660801564028091e+00 4.383142726405218070e+00
9.198435972629521729e+00 1.175745679829637425e+01
9.208211143695015366e+00 5.145281285481402733e+00
9.217986314760509003e+00 2.329599237360217501e+01
9.227761485826002641e+00 5.520957166500708446e-01
9.237536656891496278e+00 3.151102306748463366e+00
9.247311827956989916e+00 3.221838305522650270e+00
9.257086999022483553e+00 1.243685709908885251e+01
9.266862170087977191e+00 4.957561106043930188e+00
9.276637341153470828e+00 -8.328849551423567199e-02
9.286412512218964466e+00 -6.782825286482570881e+00
9.296187683284458103e+00 2.706698033574733486e+00
9.305962854349951741e+00 1.191938718387583762e+01
9.315738025415445378e+00 -2.613671674107973963e+00
9.325513196480939015e+00 4.864817183498557185e+00
9.335288367546432653e+00 2.569317621483603098e+00
9.345063538611926290e+00 7.477989366344408140e+00
9.354838709677419928e+00 -5.895822139396691419e+00
9.364613880742913565e+00 1.929029118459829562e+01
9.374389051808407203e+00 -9.738877402770881986e+00
9.384164222873900840e+00 -2.450446643314678763e+00
9.393939393939394478e+00 7.960379944602332003e+00
9.403714565004888115e+00 2.813191219291884870e+00
9.413489736070381753e+00 7.064801389200488835e+00
9.423264907135875390e+00 -3.556518783645019166e+00
9.433040078201369028e+00 -1.970389066515307874e-01
9.442815249266862665e+00 4.899935212161383724e-01
9.452590420332356302e+00 1.293851985189502685e+01
9.462365591397849940e+00 5.901692597292611531e+00
9.472140762463343577e+00 6.746921139812880774e+00
9.481915933528837215e+00 -4.893149385716712985e+00
9.491691104594330852e+00 8.119442105277975941e+00
9.501466275659824490e+00 2.172548362229133723e+00
9.511241446725318127e+00 1.148196038517327899e+01
9.521016617790811765e+00 1.648357746239809174e+01
9.530791788856305402e+00 -2.079318770711681363e+00
9.540566959921799040e+00 -2.870465731598833781e+00
9.550342130987292677e+00 -6.525769718117799378e+00
9.560117302052786314e+00 -7.538869971136359371e-01
9.569892473118279952e+00 -2.651708026826895104e+00
9.579667644183773589e+00 3.291935046834557177e+00
9.589442815249267227e+00 -7.274917452345796010e-01
9.599217986314760864e+00 -2.448778530489312821e+00
9.608993157380254502e+00 8.977601333762706304e+00
9.618768328445748139e+00 -7.023173906930122889e+00
9.628543499511241777e+00 3.965843435822309360e+00
9.638318670576735414e+00 -2.723148251690033383e+00
9.648093841642229052e+00 6.345170693808973361e+00
9.657869012707722689e+00 1.166072733654273641e+01
9.667644183773216326e+00 -1.815014869351432303e+00
9.677419354838709964e+00 4.172045881330521233e+00
9.687194525904203601e+00 2.111163845010497031e+00
9.696969696969697239e+00 -5.674344458896170451e+00
9.706744868035190876e+00 2.690866377426155420e+00
9.716520039100684514e+00 3.124511219148569108e+00
9.726295210166178151e+00 4.165060084715515032e+00
9.736070381231671789e+00 -6.708904620748114001e-01
9.745845552297165426e+00 1.727775868093174294e+00
9.755620723362659064e+00 -8.144948098844178475e+00
9.765395894428152701e+00 -1.763510004193351799e+00
9.775171065493646338e+00 5.618277487187155472e+00
9.784946236559139976e+00 8.383146331954913322e+00
9.794721407624633613e+00 -2.058943565665861453e+00
9.804496578690127251e+00 2.236715656026931676e+00
9.814271749755620888e+00 3.305762550472536976e+00
9.824046920821114526e+00 3.178030816464293196e+00
9.833822091886608163e+00 5.979296708065502841e+00
9.843597262952101801e+00 -1.280307711189040631e+01
9.853372434017595438e+00 1.436283886886923655e+00
9.863147605083089076e+00 3.832675099015015352e+00
9.872922776148582713e+00 -5.993279390569825615e+00
9.882697947214076351e+00 1.548880140599910860e+01
9.892473118279569988e+00 3.474655040930917593e+00
9.902248289345063625e+00 1.477147826884739068e+01
9.912023460410557263e+00 -3.982028142333135623e+00
9.921798631476050900e+00 -4.843411400510159837e+00
9.931573802541544538e+00 4.275840000699842491e+00
9.941348973607038175e+00 -1.088773046861515326e+01
9.951124144672531813e+00 4.313761924435718598e+00
9.960899315738025450e+00 3.415626906568713483e+00
9.970674486803519088e+00 1.079797772037133718e+01
9.980449657869012725e+00 8.306206854469667888e+00
9.990224828934506363e+00 -6.266576436440196574e-01
1.000000000000000000e+01 -6.061691409702913091e+00
